Message: Image and pointcloud recieved and stored successfully. MarkerFound=True
hamburger:(47.93, 0.8742902874946594, 532.51, 159.75)
cold-tofu:(4.03, 0.8346035480499268, 362.33, 365.95)
cold-tofu_2:(2.75, 0.7703338265419006, 247.88, 250.36)
