Message: Data processed successfully. MarkerFound=True
toast_2:(33.94, 0.8410413265228271, 808.05, 80.81)
hamburger:(32.5, 0.7542600035667419, 361.13, 108.34)
sashimi:(5.86, 0.8536713719367981, 1006.71, 976.51)
